(module C_0805_2012Metric_Pad1.15x1.40mm_HandSolder_Reversible (layer F.Cu) (tedit 5CB892C4)
  (descr "Capacitor SMD 0805 (2012 Metric), square (rectangular) end terminal, IPC_7351 nominal with elongated pad for handsoldering. (Body size source: https://docs.google.com/spreadsheets/d/1BsfQQcO9C6DZCsRaXUlFlo91Tg2WpOkGARC1WS5S8t0/edit?usp=sharing), generated with kicad-footprint-generator")
  (tags "capacitor handsolder")
  (attr smd)
  (fp_text reference REF** (at 0 -1.65) (layer F.SilkS)
    (effects (font (size 1 1) (thickness 0.15)))
  )
  (fp_text value C_0805_2012Metric_Pad1.15x1.40mm_HandSolder_Reversible (at 0 1.65) (layer F.Fab)
    (effects (font (size 1 1) (thickness 0.15)))
  )
  (fp_line (start -1 0.6) (end -1 -0.6) (layer F.Fab) (width 0.1))
  (fp_line (start -1 -0.6) (end 1 -0.6) (layer F.Fab) (width 0.1))
  (fp_line (start 1 -0.6) (end 1 0.6) (layer F.Fab) (width 0.1))
  (fp_line (start 1 0.6) (end -1 0.6) (layer F.Fab) (width 0.1))
  (fp_line (start -0.261252 -0.75) (end 0.261252 -0.75) (layer F.SilkS) (width 0.15))
  (fp_line (start -0.261252 0.75) (end 0.261252 0.75) (layer F.SilkS) (width 0.15))
  (fp_line (start -1.85 0.95) (end -1.85 -0.95) (layer F.CrtYd) (width 0.05))
  (fp_line (start -1.85 -0.95) (end 1.85 -0.95) (layer F.CrtYd) (width 0.05))
  (fp_line (start 1.85 -0.95) (end 1.85 0.95) (layer F.CrtYd) (width 0.05))
  (fp_line (start 1.85 0.95) (end -1.85 0.95) (layer F.CrtYd) (width 0.05))
  (fp_text user %R (at 0 0) (layer F.Fab)
    (effects (font (size 0.5 0.5) (thickness 0.08)))
  )
  (fp_text user %R (at 0 0) (layer B.Fab)
    (effects (font (size 0.5 0.5) (thickness 0.08)) (justify mirror))
  )
  (fp_line (start 1 -0.6) (end -1 -0.6) (layer B.Fab) (width 0.1))
  (fp_line (start -0.261252 0.75) (end 0.261252 0.75) (layer B.SilkS) (width 0.15))
  (fp_line (start -0.261252 -0.75) (end 0.261252 -0.75) (layer B.SilkS) (width 0.15))
  (fp_line (start -1.85 -0.95) (end -1.85 0.95) (layer B.CrtYd) (width 0.05))
  (fp_line (start -1.85 0.95) (end 1.85 0.95) (layer B.CrtYd) (width 0.05))
  (fp_line (start 1.85 0.95) (end 1.85 -0.95) (layer B.CrtYd) (width 0.05))
  (fp_line (start 1.85 -0.95) (end -1.85 -0.95) (layer B.CrtYd) (width 0.05))
  (fp_line (start 1 0.6) (end 1 -0.6) (layer B.Fab) (width 0.1))
  (fp_line (start -1 0.6) (end 1 0.6) (layer B.Fab) (width 0.1))
  (fp_line (start -1 -0.6) (end -1 0.6) (layer B.Fab) (width 0.1))
  (fp_text user %R (at 0 -1.65) (layer B.SilkS)
    (effects (font (size 1 1) (thickness 0.15)) (justify mirror))
  )
  (pad 1 smd rect (at -1.025 0) (size 1.15 1.4) (layers F.Cu F.Paste F.Mask))
  (pad 2 smd rect (at 1.025 0) (size 1.15 1.4) (layers F.Cu F.Paste F.Mask))
  (pad 1 smd rect (at -1.025 0) (size 1.15 1.4) (layers B.Cu B.Paste B.Mask))
  (pad 2 smd rect (at 1.025 0) (size 1.15 1.4) (layers B.Cu B.Paste B.Mask))
  (model ${KISYS3DMOD}/Capacitor_SMD.3dshapes/C_0805_2012Metric.wrl
    (at (xyz 0 0 0))
    (scale (xyz 1 1 1))
    (rotate (xyz 0 0 0))
  )
)
