(module C_1206_3216Metric_Pad1.42x1.75mm_HandSolder_Reversible (layer F.Cu) (tedit 5CB89259)
  (descr "Capacitor SMD 1206 (3216 Metric), square (rectangular) end terminal, IPC_7351 nominal with elongated pad for handsoldering. (Body size source: http://www.tortai-tech.com/upload/download/2011102023233369053.pdf), generated with kicad-footprint-generator")
  (tags "capacitor handsolder")
  (attr smd)
  (fp_text reference REF** (at 0 -1.82) (layer F.SilkS)
    (effects (font (size 1 1) (thickness 0.15)))
  )
  (fp_text value C_1206_3216Metric_Pad1.42x1.75mm_HandSolder_Reversible (at 0 1.82) (layer F.Fab)
    (effects (font (size 1 1) (thickness 0.15)))
  )
  (fp_line (start -1.6 0.8) (end -1.6 -0.8) (layer F.Fab) (width 0.1))
  (fp_line (start -1.6 -0.8) (end 1.6 -0.8) (layer F.Fab) (width 0.1))
  (fp_line (start 1.6 -0.8) (end 1.6 0.8) (layer F.Fab) (width 0.1))
  (fp_line (start 1.6 0.8) (end -1.6 0.8) (layer F.Fab) (width 0.1))
  (fp_line (start -0.55 -0.95) (end 0.55 -0.95) (layer F.SilkS) (width 0.15))
  (fp_line (start -0.55 0.95) (end 0.55 0.95) (layer F.SilkS) (width 0.15))
  (fp_line (start -2.45 1.12) (end -2.45 -1.12) (layer F.CrtYd) (width 0.05))
  (fp_line (start -2.45 -1.12) (end 2.45 -1.12) (layer F.CrtYd) (width 0.05))
  (fp_line (start 2.45 -1.12) (end 2.45 1.12) (layer F.CrtYd) (width 0.05))
  (fp_line (start 2.45 1.12) (end -2.45 1.12) (layer F.CrtYd) (width 0.05))
  (fp_text user %R (at 0 0) (layer F.Fab)
    (effects (font (size 0.8 0.8) (thickness 0.12)))
  )
  (fp_text user %R (at 0 0) (layer B.Fab)
    (effects (font (size 0.8 0.8) (thickness 0.12)) (justify mirror))
  )
  (fp_line (start -0.55 0.95) (end 0.55 0.95) (layer B.SilkS) (width 0.15))
  (fp_line (start -2.45 1.12) (end 2.45 1.12) (layer B.CrtYd) (width 0.05))
  (fp_line (start 2.45 1.12) (end 2.45 -1.12) (layer B.CrtYd) (width 0.05))
  (fp_line (start 2.45 -1.12) (end -2.45 -1.12) (layer B.CrtYd) (width 0.05))
  (fp_line (start -0.55 -0.95) (end 0.55 -0.95) (layer B.SilkS) (width 0.15))
  (fp_line (start -2.45 -1.12) (end -2.45 1.12) (layer B.CrtYd) (width 0.05))
  (fp_line (start 1.6 -0.8) (end -1.6 -0.8) (layer B.Fab) (width 0.1))
  (fp_line (start -1.6 -0.8) (end -1.6 0.8) (layer B.Fab) (width 0.1))
  (fp_line (start -1.6 0.8) (end 1.6 0.8) (layer B.Fab) (width 0.1))
  (fp_line (start 1.6 0.8) (end 1.6 -0.8) (layer B.Fab) (width 0.1))
  (fp_text user %R (at 0 -1.82) (layer B.SilkS)
    (effects (font (size 1 1) (thickness 0.15)) (justify mirror))
  )
  (pad 1 smd rect (at -1.4875 0) (size 1.425 1.75) (layers F.Cu F.Paste F.Mask))
  (pad 2 smd rect (at 1.4875 0) (size 1.425 1.75) (layers F.Cu F.Paste F.Mask))
  (pad 2 smd rect (at 1.4875 0) (size 1.425 1.75) (layers B.Cu B.Paste B.Mask))
  (pad 1 smd rect (at -1.4875 0) (size 1.425 1.75) (layers B.Cu B.Paste B.Mask))
  (model ${KISYS3DMOD}/Capacitor_SMD.3dshapes/C_1206_3216Metric.wrl
    (at (xyz 0 0 0))
    (scale (xyz 1 1 1))
    (rotate (xyz 0 0 0))
  )
)
