(module SSD1306 (layer F.Cu) (tedit 557B343B)
  (fp_text reference REF** (at 13.335 -3.81) (layer F.SilkS)
    (effects (font (size 1 1) (thickness 0.15)))
  )
  (fp_text value SSD1306 (at 0 11.43) (layer F.Fab)
    (effects (font (size 2 2) (thickness 0.3)))
  )
  (fp_line (start -15.875 3.81) (end -15.875 20.32) (layer F.SilkS) (width 0.2))
  (fp_line (start 15.875 3.81) (end 15.875 20.32) (layer F.SilkS) (width 0.2))
  (fp_line (start -15.875 3.81) (end 15.875 3.81) (layer F.SilkS) (width 0.2))
  (fp_line (start 15.875 20.32) (end -15.875 20.32) (layer F.SilkS) (width 0.2))
  (fp_line (start -12.065 29.21) (end -12.065 26.67) (layer F.SilkS) (width 0.2))
  (fp_line (start -12.065 26.67) (end 12.065 26.67) (layer F.SilkS) (width 0.2))
  (fp_line (start 12.065 26.67) (end 12.065 29.21) (layer F.SilkS) (width 0.2))
  (fp_line (start -17.145 0) (end -17.145 29.21) (layer F.SilkS) (width 0.2))
  (fp_line (start 17.145 0) (end 17.145 29.21) (layer F.SilkS) (width 0.2))
  (fp_arc (start -14.605 29.21) (end -14.605 31.75) (angle 90) (layer F.SilkS) (width 0.2))
  (fp_arc (start -14.605 29.21) (end -12.065 29.21) (angle 90) (layer F.SilkS) (width 0.2))
  (fp_arc (start 14.605 29.21) (end 17.145 29.21) (angle 90) (layer F.SilkS) (width 0.2))
  (fp_arc (start 14.605 29.21) (end 14.605 31.75) (angle 90) (layer F.SilkS) (width 0.2))
  (fp_arc (start 14.605 0) (end 14.605 -2.54) (angle 90) (layer F.SilkS) (width 0.2))
  (fp_arc (start -14.605 0) (end -17.145 0) (angle 90) (layer F.SilkS) (width 0.2))
  (fp_line (start -14.605 -2.54) (end 14.605 -2.54) (layer F.SilkS) (width 0.2))
  (pad "" thru_hole circle (at -14.605 29.21) (size 3 3) (drill 2.5) (layers *.Cu *.Mask F.SilkS))
  (pad "" thru_hole circle (at 14.605 29.21) (size 3 3) (drill 2.5) (layers *.Cu *.Mask F.SilkS))
  (pad 1 thru_hole circle (at -8.89 0) (size 1.524 1.524) (drill 0.762) (layers *.Cu *.Mask F.SilkS))
  (pad 2 thru_hole circle (at -6.35 0) (size 1.524 1.524) (drill 0.762) (layers *.Cu *.Mask F.SilkS))
  (pad 8 thru_hole circle (at 8.89 0) (size 1.524 1.524) (drill 0.762) (layers *.Cu *.Mask F.SilkS))
  (pad 7 thru_hole circle (at 6.35 0) (size 1.524 1.524) (drill 0.762) (layers *.Cu *.Mask F.SilkS))
  (pad 6 thru_hole circle (at 3.81 0) (size 1.524 1.524) (drill 0.762) (layers *.Cu *.Mask F.SilkS))
  (pad 5 thru_hole circle (at 1.27 0) (size 1.524 1.524) (drill 0.762) (layers *.Cu *.Mask F.SilkS))
  (pad 4 thru_hole circle (at -1.27 0) (size 1.524 1.524) (drill 0.762) (layers *.Cu *.Mask F.SilkS))
  (pad 3 thru_hole circle (at -3.81 0) (size 1.524 1.524) (drill 0.762) (layers *.Cu *.Mask F.SilkS))
  (pad "" thru_hole circle (at -14.605 0) (size 3 3) (drill 2.5) (layers *.Cu *.Mask F.SilkS))
  (pad "" thru_hole circle (at -14.605 0) (size 3 3) (drill 2.5) (layers *.Cu *.Mask F.SilkS))
  (pad 3 thru_hole circle (at -3.81 0) (size 1.524 1.524) (drill 0.762) (layers *.Cu *.Mask F.SilkS))
  (pad 4 thru_hole circle (at -1.27 0) (size 1.524 1.524) (drill 0.762) (layers *.Cu *.Mask F.SilkS))
  (pad 5 thru_hole circle (at 1.27 0) (size 1.524 1.524) (drill 0.762) (layers *.Cu *.Mask F.SilkS))
  (pad 6 thru_hole circle (at 3.81 0) (size 1.524 1.524) (drill 0.762) (layers *.Cu *.Mask F.SilkS))
  (pad 7 thru_hole circle (at 6.35 0) (size 1.524 1.524) (drill 0.762) (layers *.Cu *.Mask F.SilkS))
  (pad 8 thru_hole circle (at 8.89 0) (size 1.524 1.524) (drill 0.762) (layers *.Cu *.Mask F.SilkS))
  (pad 2 thru_hole circle (at -6.35 0) (size 1.524 1.524) (drill 0.762) (layers *.Cu *.Mask F.SilkS))
  (pad 1 thru_hole circle (at -8.89 0) (size 1.524 1.524) (drill 0.762) (layers *.Cu *.Mask F.SilkS))
  (pad "" thru_hole circle (at 14.605 0) (size 3 3) (drill 2.5) (layers *.Cu *.Mask F.SilkS))
)
